241
247
250
321
340
381
445
447
448
495
582
627
659
684
689
720
740
882
947
951
956
1014
1039
1044
1082
1112
1192
1226
1232
1242
1247
1319
1328
1378
1422
1494
1500
1522
1530
1549
1553
1559
1581
1597
1609
1678
1681
1709
1717
1754
1790
1878
1880
1901
1941
2004
2035
2044
2070
2098
2109
2118
2135
2148
2182
2215
2224
2272
2293
2369
2371
2387
2395
2414
2422
2462
2488
2582
2597
2607
2630
2648
2654
2720
2735
2863
2896
2927
2939
2953
2979
2995
3060
3073
3117
3289
3330
3333
3405
3422
3503
3520
3549
3558
3559
3567
3597
3767
3796
3808
3853
3869
3906
3941
3976
3988
4000
4065
4078
4163
4176
4199
4201
4248
4289
4300
4314
4443
4497
4500
4534
4639
4731
4740
4761
4807
4814
4823
4879
4880
4918
4966
5201
5642
5730
5734
5887
5937
5955
5973
5982
6026
6166
6555
6571
6576
6597
6625
6641
6651
6755
8094
8520
8527
9009
9015
9024
9280
9587
9634
9638
9664
9729
9745
9749
9770
9792
9839
9922
9944